62.5
50.0
50.0
50.0
62.5
50.0
50.0
62.5
50.0
50.0
62.5
62.5
50.0
50.0
62.5
62.5
50.0
62.5
62.5
62.5
50.0
62.5
62.5
62.5
62.5
62.5
62.5
62.5
62.5
62.5
62.5
50.0
50.0
62.5
62.5
62.5
62.5
62.5
62.5
62.5
62.5
75.0
75.0
75.0
75.0
75.0
75.0
62.5
75.0
75.0
75.0
75.0
75.0
62.5
75.0
75.0
75.0
75.0
75.0
75.0
75.0
75.0
75.0
50.0
75.0
75.0
75.0
75.0
75.0
75.0
75.0
75.0
75.0
75.0
75.0
75.0
75.0
62.5
75.0
75.0
75.0
75.0
75.0
75.0
75.0
75.0
75.0
75.0
75.0
75.0
75.0
75.0
75.0
75.0
75.0
75.0
75.0
75.0
75.0
75.0
75.0
75.0
75.0
75.0
75.0
75.0
75.0
75.0
75.0
75.0
75.0
75.0
75.0
75.0
75.0
75.0
75.0
75.0
75.0
75.0
