0.038
0.049
0.066
0.056
0.054
0.049
0.072
0.059
0.05
0.056
0.154
0.058
0.064
0.049
0.158
0.058
0.054
0.06
0.042
0.061
0.061
0.041
0.071
0.056
0.057
0.064
0.057
0.059
0.049
0.21
0.049
0.058
0.07
0.059
0.056
0.144
0.071
0.158
0.067
0.164
0.064
0.045
0.066
0.067
0.051
0.169
0.05
0.055
0.058
0.066
0.051
0.077
0.071
0.041
0.069
0.071
0.046
0.048
0.045
0.069
0.169
0.067
0.057
0.068
0.07
0.05
0.054
0.06
0.055
0.053
0.068
0.056
0.055
0.062
0.06
0.054
0.053
0.083
0.06
0.047
0.059
0.068
0.066
0.05
0.061
0.055
0.056
0.171
0.058
0.218
0.061
0.064
0.151
0.045
0.084
0.055
0.126
0.055
0.072
0.192
0.063
0.059
0.055
0.064
0.063
0.056
0.133
0.06
0.053
0.069
0.039
0.196
0.063
0.074
0.064
0.063
0.064
0.079
0.173
0.079
